{
 "cells": [
  {
   "cell_type": "code",
   "execution_count": 2,
   "metadata": {
    "id": "gU0LRobGb5cz",
    "pycharm": {
     "name": "#%%\n"
    }
   },
   "outputs": [
    {
     "name": "stderr",
     "output_type": "stream",
     "text": [
      "/Users/chulu.xiang/opt/anaconda3/envs/xcl/lib/python3.9/site-packages/tqdm/auto.py:21: TqdmWarning: IProgress not found. Please update jupyter and ipywidgets. See https://ipywidgets.readthedocs.io/en/stable/user_install.html\n",
      "  from .autonotebook import tqdm as notebook_tqdm\n"
     ]
    }
   ],
   "source": [
    "%matplotlib inline\n",
    "\n",
    "import numpy as np\n",
    "import matplotlib.pyplot as plt\n",
    "\n",
    "import torch\n",
    "\n",
    "%matplotlib inline\n",
    "import matplotlib\n",
    "import sklearn\n",
    "import time\n",
    "from sklearn.preprocessing import normalize\n",
    "import math"
   ]
  },
  {
   "cell_type": "code",
   "execution_count": 3,
   "metadata": {
    "id": "i5cdPg-mQluX"
   },
   "outputs": [],
   "source": [
    "import torch\n",
    "import torchvision\n",
    "import torchvision.transforms as transforms\n",
    "import torch.nn as nn\n",
    "import torch.nn.functional as F\n",
    "import numpy as np\n",
    "import matplotlib.pyplot as plt\n",
    "%matplotlib inline \n",
    "import matplotlib\n",
    "import cubicsolver\n",
    "torch.set_default_dtype(torch.float64)"
   ]
  },
  {
   "cell_type": "code",
   "execution_count": 4,
   "metadata": {},
   "outputs": [],
   "source": [
    "a=np.array([2,1,-1])"
   ]
  },
  {
   "cell_type": "code",
   "execution_count": 5,
   "metadata": {},
   "outputs": [
    {
     "data": {
      "text/plain": [
       "-1"
      ]
     },
     "execution_count": 5,
     "metadata": {},
     "output_type": "execute_result"
    }
   ],
   "source": [
    "v1=np.max(a)\n",
    "v2=np.min(a)\n",
    "v2"
   ]
  },
  {
   "attachments": {},
   "cell_type": "markdown",
   "metadata": {
    "id": "wMAftncHb5c4"
   },
   "source": [
    "# Generate data"
   ]
  },
  {
   "attachments": {},
   "cell_type": "markdown",
   "metadata": {},
   "source": [
    "\n",
    "$f(x) = \\frac1n \\sum_{i=1}^n \\frac12(a_i^Tx-b_i)^2$\n",
    "suppose $x^*=xo$, $b_i=a_i^Txo$"
   ]
  },
  {
   "cell_type": "code",
   "execution_count": 6,
   "metadata": {},
   "outputs": [],
   "source": [
    "np.random.seed(0)\n",
    "n = 100\n",
    "d = 20\n",
    "A = np.random.randn(n,d)\n",
    "xopt = np.random.randn(d)\n",
    "b=np.dot(A,xopt)\n",
    "tA = torch.Tensor(A)\n",
    "tb = torch.Tensor(b)\n",
    "xopt = torch.Tensor(xopt)"
   ]
  },
  {
   "cell_type": "code",
   "execution_count": 7,
   "metadata": {},
   "outputs": [],
   "source": [
    "H=1/n*tA.T@tA"
   ]
  },
  {
   "cell_type": "code",
   "execution_count": 8,
   "metadata": {},
   "outputs": [],
   "source": [
    "IH = torch.inverse(H)"
   ]
  },
  {
   "cell_type": "code",
   "execution_count": 9,
   "metadata": {},
   "outputs": [
    {
     "data": {
      "text/plain": [
       "tensor([1.0051, 0.8142, 0.8366, 1.2102, 0.7942, 1.0755, 0.8230, 1.1376, 1.1551,\n",
       "        0.8674, 0.8934, 1.1455, 0.9394, 0.9525, 1.0471, 0.7997, 0.8952, 0.8653,\n",
       "        1.1100, 0.7710])"
      ]
     },
     "execution_count": 9,
     "metadata": {},
     "output_type": "execute_result"
    }
   ],
   "source": [
    "torch.diag(H)"
   ]
  },
  {
   "cell_type": "code",
   "execution_count": 10,
   "metadata": {},
   "outputs": [
    {
     "data": {
      "text/plain": [
       "tensor([0.9949, 1.2282, 1.1953, 0.8263, 1.2591, 0.9298, 1.2151, 0.8790, 0.8657,\n",
       "        1.1529, 1.1194, 0.8730, 1.0645, 1.0498, 0.9550, 1.2504, 1.1171, 1.1557,\n",
       "        0.9009, 1.2970])"
      ]
     },
     "execution_count": 10,
     "metadata": {},
     "output_type": "execute_result"
    }
   ],
   "source": [
    "diagH = 1/n*torch.diag(tA.T@tA)\n",
    "diagIH = 1/diagH\n",
    "diagIH"
   ]
  },
  {
   "cell_type": "code",
   "execution_count": 11,
   "metadata": {},
   "outputs": [
    {
     "data": {
      "text/plain": [
       "tensor([0.9949, 1.2282, 1.1953, 0.8263, 1.2591, 0.9298, 1.2151, 0.8790, 0.8657,\n",
       "        1.1529, 1.1194, 0.8730, 1.0645, 1.0498, 0.9550, 1.2504, 1.1171, 1.1557,\n",
       "        0.9009, 1.2970])"
      ]
     },
     "execution_count": 11,
     "metadata": {},
     "output_type": "execute_result"
    }
   ],
   "source": [
    "1/torch.mean(tA*tA,dim=0)"
   ]
  },
  {
   "cell_type": "code",
   "execution_count": 12,
   "metadata": {},
   "outputs": [],
   "source": [
    "v = torch.rand(d,1)"
   ]
  },
  {
   "cell_type": "code",
   "execution_count": 13,
   "metadata": {},
   "outputs": [],
   "source": [
    "scale = torch.zeros(d,1)"
   ]
  },
  {
   "cell_type": "code",
   "execution_count": 14,
   "metadata": {},
   "outputs": [],
   "source": [
    "import random\n",
    "for i in range(d):\n",
    "    scale[i]=random.randint(-3,4)\n",
    "    "
   ]
  },
  {
   "cell_type": "code",
   "execution_count": 15,
   "metadata": {},
   "outputs": [
    {
     "data": {
      "text/plain": [
       "tensor([[ 3.],\n",
       "        [ 2.],\n",
       "        [ 1.],\n",
       "        [ 3.],\n",
       "        [-3.],\n",
       "        [ 4.],\n",
       "        [ 4.],\n",
       "        [ 0.],\n",
       "        [-2.],\n",
       "        [ 4.],\n",
       "        [ 1.],\n",
       "        [ 2.],\n",
       "        [-2.],\n",
       "        [-3.],\n",
       "        [ 3.],\n",
       "        [-3.],\n",
       "        [ 0.],\n",
       "        [ 2.],\n",
       "        [ 2.],\n",
       "        [ 2.]])"
      ]
     },
     "execution_count": 15,
     "metadata": {},
     "output_type": "execute_result"
    }
   ],
   "source": [
    "scale"
   ]
  },
  {
   "cell_type": "code",
   "execution_count": null,
   "metadata": {},
   "outputs": [],
   "source": []
  },
  {
   "cell_type": "code",
   "execution_count": 16,
   "metadata": {},
   "outputs": [
    {
     "data": {
      "text/plain": [
       "tensor([[3.8191e+02],\n",
       "        [9.8565e+01],\n",
       "        [6.6946e+00],\n",
       "        [2.2094e+01],\n",
       "        [5.9756e-04],\n",
       "        [7.2536e+03],\n",
       "        [8.2398e+03],\n",
       "        [4.8430e-03],\n",
       "        [9.3182e-03],\n",
       "        [7.1198e+02],\n",
       "        [5.2486e+00],\n",
       "        [9.0083e+01],\n",
       "        [4.5064e-03],\n",
       "        [9.6907e-04],\n",
       "        [1.1930e+02],\n",
       "        [3.8961e-04],\n",
       "        [9.6222e-01],\n",
       "        [3.2724e+01],\n",
       "        [3.0948e+01],\n",
       "        [4.4619e+01]])"
      ]
     },
     "execution_count": 16,
     "metadata": {},
     "output_type": "execute_result"
    }
   ],
   "source": [
    "v = v * torch.pow(10,scale)\n",
    "v\n"
   ]
  },
  {
   "cell_type": "code",
   "execution_count": 17,
   "metadata": {},
   "outputs": [],
   "source": [
    "Atilde = tA * v.T"
   ]
  },
  {
   "cell_type": "code",
   "execution_count": 18,
   "metadata": {},
   "outputs": [],
   "source": [
    "Htilde = 1/n*Atilde.T@Atilde"
   ]
  },
  {
   "cell_type": "code",
   "execution_count": 19,
   "metadata": {},
   "outputs": [
    {
     "data": {
      "text/plain": [
       "tensor([[ 8.1892e-06, -4.5223e-06,  4.9840e-05, -1.3687e-05, -1.6766e-01,\n",
       "         -1.2616e-08, -1.1740e-08, -4.6095e-02,  5.2671e-03, -3.1588e-08,\n",
       "          3.0588e-05, -4.8531e-07,  2.0185e-02, -8.8818e-01, -2.3139e-06,\n",
       "          1.4684e-01,  5.2866e-04,  4.8312e-06, -3.6966e-06, -4.9911e-06],\n",
       "        [-4.5223e-06,  1.4787e-04,  1.3991e-04,  1.0595e-05, -5.1781e+00,\n",
       "         -2.0852e-08, -8.8912e-08,  4.8242e-02, -9.9485e-02,  4.4119e-07,\n",
       "         -3.4347e-04, -2.8306e-06, -8.5526e-02, -8.0118e-02,  1.3052e-06,\n",
       "          6.0933e+00, -1.4139e-03, -3.5599e-05,  1.7545e-05, -1.4926e-05],\n",
       "        [ 4.9840e-05,  1.3991e-04,  3.0019e-02,  6.7302e-05, -1.9518e+01,\n",
       "         -7.4234e-07, -7.3527e-07,  2.1963e-01,  4.7685e-01, -3.9897e-05,\n",
       "         -5.8386e-03, -1.0343e-04, -2.2228e+00, -5.0453e+00, -1.4157e-04,\n",
       "         -4.1118e+00,  2.7298e-03,  7.4296e-04, -1.3460e-04,  7.2923e-04],\n",
       "        [-1.3687e-05,  1.0595e-05,  6.7302e-05,  2.0423e-03,  1.2049e+00,\n",
       "         -8.5219e-07, -8.2683e-07, -6.8764e-01, -2.4958e-01, -7.1129e-07,\n",
       "          1.4958e-03, -7.1278e-05, -1.1511e+00,  8.8599e+00,  5.1868e-05,\n",
       "          1.1827e+01, -4.2438e-03,  2.1242e-04,  2.0440e-04,  2.6922e-04],\n",
       "        [-1.6766e-01, -5.1781e+00, -1.9518e+01,  1.2049e+00,  4.1981e+06,\n",
       "          1.9119e-03, -6.0621e-03,  1.8526e+04,  2.8275e+04,  2.3680e-01,\n",
       "          3.8428e+01, -4.0182e+00, -2.8813e+04,  1.0594e+05, -7.1993e-01,\n",
       "          3.8016e+05, -8.8897e+01, -8.7756e+00, -2.9223e+00,  9.2443e+00],\n",
       "        [-1.2616e-08, -2.0852e-08, -7.4234e-07, -8.5219e-07,  1.9119e-03,\n",
       "          2.1467e-08,  4.4003e-09, -7.6823e-04,  1.7721e-03, -8.2761e-09,\n",
       "          3.0728e-08,  8.3624e-08,  5.8134e-03, -5.4449e-02,  1.7594e-08,\n",
       "         -4.1713e-02,  9.3758e-06, -1.2515e-07, -3.4380e-07, -6.5282e-07],\n",
       "        [-1.1740e-08, -8.8912e-08, -7.3527e-07, -8.2683e-07, -6.0621e-03,\n",
       "          4.4003e-09,  2.2536e-08,  4.8586e-03,  1.3592e-03,  2.2651e-08,\n",
       "          1.3809e-07,  3.7887e-07,  1.7520e-03, -5.2698e-02, -6.5762e-08,\n",
       "         -8.3823e-02,  2.1569e-05, -4.8299e-07,  2.2789e-07, -5.5555e-07],\n",
       "        [-4.6095e-02,  4.8242e-02,  2.1963e-01, -6.8764e-01,  1.8526e+04,\n",
       "         -7.6823e-04,  4.8586e-03,  4.3633e+04,  2.8303e+03, -5.6114e-03,\n",
       "          4.2415e+00,  2.3179e-01,  5.9535e+03, -1.7438e+04, -1.5463e-01,\n",
       "         -2.1287e+04,  2.8533e+01,  5.5777e-01,  1.2679e+00, -3.4159e-01],\n",
       "        [ 5.2671e-03, -9.9485e-02,  4.7685e-01, -2.4958e-01,  2.8275e+04,\n",
       "          1.7721e-03,  1.3592e-03,  2.8303e+03,  1.1557e+04,  1.0389e-02,\n",
       "         -2.4189e+00, -1.2878e-01,  7.3038e+02, -8.9013e+02, -6.8821e-02,\n",
       "         -3.8339e+04,  5.8263e+00, -1.8240e-01,  4.1776e-01,  4.7566e-01],\n",
       "        [-3.1588e-08,  4.4119e-07, -3.9897e-05, -7.1129e-07,  2.3680e-01,\n",
       "         -8.2761e-09,  2.2651e-08, -5.6114e-03,  1.0389e-02,  2.4878e-06,\n",
       "         -1.9906e-05,  1.1552e-06, -4.0116e-02,  3.4785e-02,  3.7122e-07,\n",
       "         -7.1278e-02, -2.4446e-04, -3.4229e-06,  1.4543e-06,  1.0176e-07],\n",
       "        [ 3.0588e-05, -3.4347e-04, -5.8386e-03,  1.4958e-03,  3.8428e+01,\n",
       "          3.0728e-08,  1.3809e-07,  4.2415e+00, -2.4189e+00, -1.9906e-05,\n",
       "          5.0903e-02,  4.0664e-04,  6.5578e+00, -1.5587e+01,  2.9494e-04,\n",
       "          5.9331e+01, -8.7216e-03, -1.3499e-03,  6.4966e-04,  1.5174e-04],\n",
       "        [-4.8531e-07, -2.8306e-06, -1.0343e-04, -7.1278e-05, -4.0182e+00,\n",
       "          8.3624e-08,  3.7887e-07,  2.3179e-01, -1.2878e-01,  1.1552e-06,\n",
       "          4.0664e-04,  1.3132e-04,  3.3358e-01, -2.1546e+00, -6.1855e-06,\n",
       "         -2.5478e+00,  9.0723e-04, -5.8390e-05, -2.3129e-05, -3.7524e-05],\n",
       "        [ 2.0185e-02, -8.5526e-02, -2.2228e+00, -1.1511e+00, -2.8813e+04,\n",
       "          5.8134e-03,  1.7520e-03,  5.9535e+03,  7.3038e+02, -4.0116e-02,\n",
       "          6.5578e+00,  3.3358e-01,  6.4163e+04, -5.3534e+04,  2.3184e-02,\n",
       "         -1.7993e+05,  4.7934e+01, -1.7161e-02,  1.3497e+00,  3.8332e-01],\n",
       "        [-8.8818e-01, -8.0118e-02, -5.0453e+00,  8.8599e+00,  1.0594e+05,\n",
       "         -5.4449e-02, -5.2698e-02, -1.7438e+04, -8.9013e+02,  3.4785e-02,\n",
       "         -1.5587e+01, -2.1546e+00, -5.3534e+04,  1.5379e+06,  5.7479e-01,\n",
       "          2.1361e+05, -8.4146e+01,  6.1450e+00,  2.6966e+00,  7.5556e+00],\n",
       "        [-2.3139e-06,  1.3052e-06, -1.4157e-04,  5.1868e-05, -7.1993e-01,\n",
       "          1.7594e-08, -6.5762e-08, -1.5463e-01, -6.8821e-02,  3.7122e-07,\n",
       "          2.9494e-04, -6.1855e-06,  2.3184e-02,  5.7479e-01,  7.4492e-05,\n",
       "         -1.7978e+00, -9.4392e-04, -9.3350e-06,  2.3308e-06,  3.3727e-05],\n",
       "        [ 1.4684e-01,  6.0933e+00, -4.1118e+00,  1.1827e+01,  3.8016e+05,\n",
       "         -4.1713e-02, -8.3823e-02, -2.1287e+04, -3.8339e+04, -7.1278e-02,\n",
       "          5.9331e+01, -2.5478e+00, -1.7993e+05,  2.1361e+05, -1.7978e+00,\n",
       "          1.0032e+07,  1.2728e+02, -2.3357e+00, -1.7777e+01, -7.6075e+00],\n",
       "        [ 5.2866e-04, -1.4139e-03,  2.7298e-03, -4.2438e-03, -8.8897e+01,\n",
       "          9.3758e-06,  2.1569e-05,  2.8533e+01,  5.8263e+00, -2.4446e-04,\n",
       "         -8.7216e-03,  9.0723e-04,  4.7934e+01, -8.4146e+01, -9.4392e-04,\n",
       "          1.2728e+02,  1.4342e+00,  9.0866e-03, -1.9432e-03,  4.3861e-04],\n",
       "        [ 4.8312e-06, -3.5599e-05,  7.4296e-04,  2.1242e-04, -8.7756e+00,\n",
       "         -1.2515e-07, -4.8299e-07,  5.5777e-01, -1.8240e-01, -3.4229e-06,\n",
       "         -1.3499e-03, -5.8390e-05, -1.7161e-02,  6.1450e+00, -9.3350e-06,\n",
       "         -2.3357e+00,  9.0866e-03,  1.3168e-03,  4.0494e-05,  2.8024e-05],\n",
       "        [-3.6966e-06,  1.7545e-05, -1.3460e-04,  2.0440e-04, -2.9223e+00,\n",
       "         -3.4380e-07,  2.2789e-07,  1.2679e+00,  4.1776e-01,  1.4543e-06,\n",
       "          6.4966e-04, -2.3129e-05,  1.3497e+00,  2.6966e+00,  2.3308e-06,\n",
       "         -1.7777e+01, -1.9432e-03,  4.0494e-05,  1.1110e-03, -9.6395e-06],\n",
       "        [-4.9911e-06, -1.4926e-05,  7.2923e-04,  2.6922e-04,  9.2443e+00,\n",
       "         -6.5282e-07, -5.5555e-07, -3.4159e-01,  4.7566e-01,  1.0176e-07,\n",
       "          1.5174e-04, -3.7524e-05,  3.8332e-01,  7.5556e+00,  3.3727e-05,\n",
       "         -7.6075e+00,  4.3861e-04,  2.8024e-05, -9.6395e-06,  8.2479e-04]])"
      ]
     },
     "execution_count": 19,
     "metadata": {},
     "output_type": "execute_result"
    }
   ],
   "source": [
    "n*torch.inverse(Atilde.T@Atilde)"
   ]
  },
  {
   "cell_type": "code",
   "execution_count": 20,
   "metadata": {},
   "outputs": [],
   "source": [
    "diagHtilde = torch.mean(Atilde*Atilde,dim=0)\n",
    "diagIHtilde  =1/diagHtilde"
   ]
  },
  {
   "cell_type": "code",
   "execution_count": 21,
   "metadata": {},
   "outputs": [],
   "source": [
    "IHtilde = torch.inverse(Htilde)"
   ]
  },
  {
   "cell_type": "code",
   "execution_count": 22,
   "metadata": {},
   "outputs": [
    {
     "data": {
      "text/plain": [
       "tensor([[ 8.1892e-06, -4.5223e-06,  4.9840e-05, -1.3687e-05, -1.6766e-01,\n",
       "         -1.2616e-08, -1.1740e-08, -4.6095e-02,  5.2671e-03, -3.1588e-08,\n",
       "          3.0588e-05, -4.8531e-07,  2.0185e-02, -8.8818e-01, -2.3139e-06,\n",
       "          1.4684e-01,  5.2866e-04,  4.8312e-06, -3.6966e-06, -4.9911e-06],\n",
       "        [-4.5223e-06,  1.4787e-04,  1.3991e-04,  1.0595e-05, -5.1781e+00,\n",
       "         -2.0852e-08, -8.8912e-08,  4.8242e-02, -9.9485e-02,  4.4119e-07,\n",
       "         -3.4347e-04, -2.8306e-06, -8.5526e-02, -8.0118e-02,  1.3052e-06,\n",
       "          6.0933e+00, -1.4139e-03, -3.5599e-05,  1.7545e-05, -1.4926e-05],\n",
       "        [ 4.9840e-05,  1.3991e-04,  3.0019e-02,  6.7302e-05, -1.9518e+01,\n",
       "         -7.4234e-07, -7.3527e-07,  2.1963e-01,  4.7685e-01, -3.9897e-05,\n",
       "         -5.8386e-03, -1.0343e-04, -2.2228e+00, -5.0453e+00, -1.4157e-04,\n",
       "         -4.1118e+00,  2.7298e-03,  7.4296e-04, -1.3460e-04,  7.2923e-04],\n",
       "        [-1.3687e-05,  1.0595e-05,  6.7302e-05,  2.0423e-03,  1.2049e+00,\n",
       "         -8.5219e-07, -8.2683e-07, -6.8764e-01, -2.4958e-01, -7.1129e-07,\n",
       "          1.4958e-03, -7.1278e-05, -1.1511e+00,  8.8599e+00,  5.1868e-05,\n",
       "          1.1827e+01, -4.2438e-03,  2.1242e-04,  2.0440e-04,  2.6922e-04],\n",
       "        [-1.6766e-01, -5.1781e+00, -1.9518e+01,  1.2049e+00,  4.1981e+06,\n",
       "          1.9119e-03, -6.0621e-03,  1.8526e+04,  2.8275e+04,  2.3680e-01,\n",
       "          3.8428e+01, -4.0182e+00, -2.8813e+04,  1.0594e+05, -7.1993e-01,\n",
       "          3.8016e+05, -8.8897e+01, -8.7756e+00, -2.9223e+00,  9.2443e+00],\n",
       "        [-1.2616e-08, -2.0852e-08, -7.4234e-07, -8.5219e-07,  1.9119e-03,\n",
       "          2.1467e-08,  4.4003e-09, -7.6823e-04,  1.7721e-03, -8.2761e-09,\n",
       "          3.0728e-08,  8.3624e-08,  5.8134e-03, -5.4449e-02,  1.7594e-08,\n",
       "         -4.1713e-02,  9.3758e-06, -1.2515e-07, -3.4380e-07, -6.5282e-07],\n",
       "        [-1.1740e-08, -8.8912e-08, -7.3527e-07, -8.2683e-07, -6.0621e-03,\n",
       "          4.4003e-09,  2.2536e-08,  4.8586e-03,  1.3592e-03,  2.2651e-08,\n",
       "          1.3809e-07,  3.7887e-07,  1.7520e-03, -5.2698e-02, -6.5762e-08,\n",
       "         -8.3823e-02,  2.1569e-05, -4.8299e-07,  2.2789e-07, -5.5555e-07],\n",
       "        [-4.6095e-02,  4.8242e-02,  2.1963e-01, -6.8764e-01,  1.8526e+04,\n",
       "         -7.6823e-04,  4.8586e-03,  4.3633e+04,  2.8303e+03, -5.6114e-03,\n",
       "          4.2415e+00,  2.3179e-01,  5.9535e+03, -1.7438e+04, -1.5463e-01,\n",
       "         -2.1287e+04,  2.8533e+01,  5.5777e-01,  1.2679e+00, -3.4159e-01],\n",
       "        [ 5.2671e-03, -9.9485e-02,  4.7685e-01, -2.4958e-01,  2.8275e+04,\n",
       "          1.7721e-03,  1.3592e-03,  2.8303e+03,  1.1557e+04,  1.0389e-02,\n",
       "         -2.4189e+00, -1.2878e-01,  7.3038e+02, -8.9013e+02, -6.8821e-02,\n",
       "         -3.8339e+04,  5.8263e+00, -1.8240e-01,  4.1776e-01,  4.7566e-01],\n",
       "        [-3.1588e-08,  4.4119e-07, -3.9897e-05, -7.1129e-07,  2.3680e-01,\n",
       "         -8.2761e-09,  2.2651e-08, -5.6114e-03,  1.0389e-02,  2.4878e-06,\n",
       "         -1.9906e-05,  1.1552e-06, -4.0116e-02,  3.4785e-02,  3.7122e-07,\n",
       "         -7.1278e-02, -2.4446e-04, -3.4229e-06,  1.4543e-06,  1.0176e-07],\n",
       "        [ 3.0588e-05, -3.4347e-04, -5.8386e-03,  1.4958e-03,  3.8428e+01,\n",
       "          3.0728e-08,  1.3809e-07,  4.2415e+00, -2.4189e+00, -1.9906e-05,\n",
       "          5.0903e-02,  4.0664e-04,  6.5578e+00, -1.5587e+01,  2.9494e-04,\n",
       "          5.9331e+01, -8.7216e-03, -1.3499e-03,  6.4966e-04,  1.5174e-04],\n",
       "        [-4.8531e-07, -2.8306e-06, -1.0343e-04, -7.1278e-05, -4.0182e+00,\n",
       "          8.3624e-08,  3.7887e-07,  2.3179e-01, -1.2878e-01,  1.1552e-06,\n",
       "          4.0664e-04,  1.3132e-04,  3.3358e-01, -2.1546e+00, -6.1855e-06,\n",
       "         -2.5478e+00,  9.0723e-04, -5.8390e-05, -2.3129e-05, -3.7524e-05],\n",
       "        [ 2.0185e-02, -8.5526e-02, -2.2228e+00, -1.1511e+00, -2.8813e+04,\n",
       "          5.8134e-03,  1.7520e-03,  5.9535e+03,  7.3038e+02, -4.0116e-02,\n",
       "          6.5578e+00,  3.3358e-01,  6.4163e+04, -5.3534e+04,  2.3184e-02,\n",
       "         -1.7993e+05,  4.7934e+01, -1.7161e-02,  1.3497e+00,  3.8332e-01],\n",
       "        [-8.8818e-01, -8.0118e-02, -5.0453e+00,  8.8599e+00,  1.0594e+05,\n",
       "         -5.4449e-02, -5.2698e-02, -1.7438e+04, -8.9013e+02,  3.4785e-02,\n",
       "         -1.5587e+01, -2.1546e+00, -5.3534e+04,  1.5379e+06,  5.7479e-01,\n",
       "          2.1361e+05, -8.4146e+01,  6.1450e+00,  2.6966e+00,  7.5556e+00],\n",
       "        [-2.3139e-06,  1.3052e-06, -1.4157e-04,  5.1868e-05, -7.1993e-01,\n",
       "          1.7594e-08, -6.5762e-08, -1.5463e-01, -6.8821e-02,  3.7122e-07,\n",
       "          2.9494e-04, -6.1855e-06,  2.3184e-02,  5.7479e-01,  7.4492e-05,\n",
       "         -1.7978e+00, -9.4392e-04, -9.3350e-06,  2.3308e-06,  3.3727e-05],\n",
       "        [ 1.4684e-01,  6.0933e+00, -4.1118e+00,  1.1827e+01,  3.8016e+05,\n",
       "         -4.1713e-02, -8.3823e-02, -2.1287e+04, -3.8339e+04, -7.1278e-02,\n",
       "          5.9331e+01, -2.5478e+00, -1.7993e+05,  2.1361e+05, -1.7978e+00,\n",
       "          1.0032e+07,  1.2728e+02, -2.3357e+00, -1.7777e+01, -7.6075e+00],\n",
       "        [ 5.2866e-04, -1.4139e-03,  2.7298e-03, -4.2438e-03, -8.8897e+01,\n",
       "          9.3758e-06,  2.1569e-05,  2.8533e+01,  5.8263e+00, -2.4446e-04,\n",
       "         -8.7216e-03,  9.0723e-04,  4.7934e+01, -8.4146e+01, -9.4392e-04,\n",
       "          1.2728e+02,  1.4342e+00,  9.0866e-03, -1.9432e-03,  4.3861e-04],\n",
       "        [ 4.8312e-06, -3.5599e-05,  7.4296e-04,  2.1242e-04, -8.7756e+00,\n",
       "         -1.2515e-07, -4.8299e-07,  5.5777e-01, -1.8240e-01, -3.4229e-06,\n",
       "         -1.3499e-03, -5.8390e-05, -1.7161e-02,  6.1450e+00, -9.3350e-06,\n",
       "         -2.3357e+00,  9.0866e-03,  1.3168e-03,  4.0494e-05,  2.8024e-05],\n",
       "        [-3.6966e-06,  1.7545e-05, -1.3460e-04,  2.0440e-04, -2.9223e+00,\n",
       "         -3.4380e-07,  2.2789e-07,  1.2679e+00,  4.1776e-01,  1.4543e-06,\n",
       "          6.4966e-04, -2.3129e-05,  1.3497e+00,  2.6966e+00,  2.3308e-06,\n",
       "         -1.7777e+01, -1.9432e-03,  4.0494e-05,  1.1110e-03, -9.6395e-06],\n",
       "        [-4.9911e-06, -1.4926e-05,  7.2923e-04,  2.6922e-04,  9.2443e+00,\n",
       "         -6.5282e-07, -5.5555e-07, -3.4159e-01,  4.7566e-01,  1.0176e-07,\n",
       "          1.5174e-04, -3.7524e-05,  3.8332e-01,  7.5556e+00,  3.3727e-05,\n",
       "         -7.6075e+00,  4.3861e-04,  2.8024e-05, -9.6395e-06,  8.2479e-04]])"
      ]
     },
     "execution_count": 22,
     "metadata": {},
     "output_type": "execute_result"
    }
   ],
   "source": [
    "IHtilde"
   ]
  },
  {
   "cell_type": "code",
   "execution_count": 23,
   "metadata": {},
   "outputs": [],
   "source": [
    "def fun(At,x,bt):\n",
    "    return 1/2*torch.mean(torch.norm(At@x-bt)**2)"
   ]
  },
  {
   "cell_type": "code",
   "execution_count": 24,
   "metadata": {},
   "outputs": [],
   "source": [
    "def dfun(At,x,bt):\n",
    "    return At.T@(At@x-bt)"
   ]
  },
  {
   "attachments": {},
   "cell_type": "markdown",
   "metadata": {},
   "source": [
    "# SGD"
   ]
  },
  {
   "cell_type": "code",
   "execution_count": 25,
   "metadata": {},
   "outputs": [
    {
     "name": "stdout",
     "output_type": "stream",
     "text": [
      "loss= 1208.2156951670636\n",
      "loss= 75.53895294787718\n",
      "loss= 13.085190859855555\n",
      "loss= 3.7796525710057307\n",
      "loss= 1.372348185816705\n",
      "loss= 0.537122779885059\n",
      "loss= 0.2223637584607027\n",
      "loss= 0.095539470381915\n",
      "loss= 0.037935361079862014\n",
      "loss= 0.016046771983412735\n",
      "loss= 0.006942694824707769\n",
      "loss= 0.0029345256876754937\n",
      "loss= 0.0012930990171212636\n",
      "loss= 0.0005834220097587771\n",
      "loss= 0.00024951069945993365\n",
      "loss= 0.00011391304887122357\n",
      "loss= 4.849976539661585e-05\n",
      "loss= 2.2708145055841575e-05\n",
      "loss= 9.313446399614617e-06\n",
      "loss= 4.2142369734232645e-06\n",
      "loss= 1.7838711967420954e-06\n",
      "loss= 7.893491689272581e-07\n",
      "loss= 3.524557859792529e-07\n",
      "loss= 1.5339786091480662e-07\n",
      "loss= 6.67463632341206e-08\n",
      "loss= 2.9698282739710398e-08\n",
      "loss= 1.29442965000082e-08\n",
      "loss= 5.66284662889956e-09\n",
      "loss= 2.559463295967781e-09\n",
      "loss= 1.140928331639512e-09\n",
      "loss= 5.177998730331454e-10\n",
      "loss= 2.3039919639071197e-10\n",
      "loss= 9.534697068539194e-11\n",
      "loss= 4.386907207542062e-11\n",
      "loss= 1.841229465371392e-11\n",
      "loss= 8.314809235620706e-12\n",
      "loss= 3.579936018217302e-12\n",
      "loss= 1.6453103570554495e-12\n",
      "loss= 7.199768642724039e-13\n",
      "loss= 3.2029516942102265e-13\n",
      "loss= 1.4610522354852559e-13\n",
      "loss= 6.506388164542507e-14\n",
      "loss= 2.9720631482772674e-14\n",
      "loss= 1.317486633780783e-14\n",
      "loss= 5.7865500456016825e-15\n",
      "loss= 2.57808193962194e-15\n",
      "loss= 1.1962406137842667e-15\n",
      "loss= 5.043453748501926e-16\n",
      "loss= 2.1142072913108047e-16\n",
      "loss= 9.406346789392226e-17\n",
      "loss= 4.0213311597658994e-17\n",
      "loss= 1.8043325097386757e-17\n",
      "loss= 7.669958887040785e-18\n",
      "loss= 3.459159619094773e-18\n",
      "loss= 1.5618126709622203e-18\n",
      "loss= 7.1449695470921855e-19\n",
      "loss= 3.1493809171610083e-19\n",
      "loss= 1.313899373958978e-19\n",
      "loss= 5.986788915601193e-20\n",
      "loss= 2.5682687426847466e-20\n",
      "loss= 1.1703164425160999e-20\n",
      "loss= 5.048252646498445e-21\n",
      "loss= 2.277339171127572e-21\n",
      "loss= 1.0048639604108263e-21\n",
      "loss= 4.440950891137368e-22\n",
      "loss= 1.9096080146230128e-22\n",
      "loss= 8.388176048218114e-23\n",
      "loss= 3.436726547148037e-23\n",
      "loss= 1.6557666714044515e-23\n",
      "loss= 6.612666455609531e-24\n",
      "loss= 3.0334331116122864e-24\n",
      "loss= 1.314129460988759e-24\n",
      "loss= 5.871313114520668e-25\n",
      "loss= 2.6308464350504496e-25\n",
      "loss= 1.2114551712621051e-25\n",
      "loss= 5.1203204909786595e-26\n",
      "loss= 2.3551510118107347e-26\n",
      "loss= 9.788278556619645e-27\n",
      "loss= 3.964180123131135e-27\n",
      "loss= 1.6878480254060416e-27\n",
      "loss= 7.711485127084714e-28\n",
      "loss= 3.9158932075654585e-28\n",
      "loss= 1.8581988401030255e-28\n",
      "loss= 9.603765223483615e-29\n",
      "loss= 6.186395130162904e-29\n",
      "loss= 4.794178891964258e-29\n",
      "loss= 3.0944301602458596e-29\n",
      "loss= 2.833119985391399e-29\n",
      "loss= 2.2716728880036322e-29\n",
      "loss= 1.7225517422599437e-29\n",
      "loss= 1.6091529871344233e-29\n",
      "loss= 2.1219125755280813e-29\n",
      "loss= 1.6190137484496857e-29\n",
      "loss= 1.6640034719505718e-29\n",
      "loss= 1.611618177463239e-29\n",
      "loss= 1.2079432611196742e-29\n",
      "loss= 1.545058038585216e-29\n",
      "loss= 1.4963705295911068e-29\n",
      "loss= 1.5992922258191607e-29\n",
      "loss= 1.473567519049562e-29\n"
     ]
    },
    {
     "data": {
      "text/plain": [
       "<matplotlib.legend.Legend at 0x7f8068837be0>"
      ]
     },
     "execution_count": 25,
     "metadata": {},
     "output_type": "execute_result"
    },
    {
     "data": {
